5810.0
5580.0
5630.0
5495.0
5290.0
5195.0
5130.0
5045.0
4890.0
4745.0
4685.0
4645.0
4690.0
4570.0
4580.0
4420.0
4320.0
4305.0
4045.0
4110.0
4185.0
4180.0
4165.0
4040.0
3875.0
3915.0
3775.0
3780.0
3670.0
3670.0
3690.0
3670.0
3515.0
3425.0
3295.0
3330.0
3280.0
3305.0
3170.0
3180.0
3145.0
3115.0
3015.0
3050.0
3035.0
2985.0
2870.0
2690.0
2585.0
2515.0
2285.0
2285.0
2210.0
2180.0
2095.0
2020.0
2190.0
2350.0
2205.0
2185.0
2170.0
2045.0
1965.0
1925.0
1770.0
1885.0
1800.0
1785.0
1615.0
1595.0
1465.0
1390.0
1350.0
1280.0
1215.0
1065.0
980.0
1015.0
875.0
875.0
870.0
855.0
660.0
690.0
600.0
675.0
705.0
600.0
615.0
680.0
735.0
605.0
650.0
515.0
505.0
395.0
305.0
430.0
270.0
230.0
225.0
235.0
215.0
100.0
205.0
70.0
100.0
50.0
